00000000000000000001010101000011
00000000000000000000000001000001
00000000000000000000000000000000
00000000000000001110011001000010
00000000000000000101000001000011
00000000000000000011100001000010
00000000000000001100000001000001
00000000000000001000000001000010
00000000000000000000000000000000
00000000000000000000000001000011
00000000000000001000000001000000
00000000000000000000000001000011
00000000000000000000000000000000
00000000000000001000000001000001
00000000000000000111000001000011
00000000000000000100000001000001
00000000000000000000000001000011
00000000000000000000000000000000
00000000000000000010000001000011
00000000000000000100010101000011
00000000000000001111000001000010
00000000000000000100000001000011
00000000000000001101100001000010
00000000000000000101100001000011
00000000000000000101000001000011
00000000000000000000000000000000
00000000000000001000000001000010
00000000000000001000000001000001
00000000000000001100000001000010
00000000000000000001000001000011
00000000000000001000000001000000
00000000000000001100000001000010
00000000000000000110101001000011
00000000000000000000000001000010
00000000000000000010010001000011
00000000000000000011100001000011
00000000000000000010000001000011
00000000000000001100000001000010
00000000000000000110010001000011
00000000000000000000000000000000
00000000000000001000000001000010
00000000000000000000000001000011
00000000000000000001000001000011
00000000000000000100000001000010
00000000000000000100000001000010
00000000000000001011010001000010
00000000000000000000010101000011
00000000000000000110110001000010
00000000000000000010100001000011
00000000000000000101100001000011
00000000000000000100000001000011
00000000000000001111110001000010
00000000000000001110100001000010
00000000000000001000000001000010
00000000000000000101000001000011
00000000000000000110000001000011
00000000000000001100000001000010
00000000000000000000000000000000
00000000000000001101110001000010
00000000000000000100000001000011
00000000000000000010000001000011
00000000000000001110111001000010
00000000000000000000000000000000
00000000000000000000000001000010
00000000000000000000000001000011
00000000000000001000100001000010
00000000000000000101110001000010
00000000000000000000000001000011
00000000000000000110000001000011
00000000000000000010000001000011
00000000000000000011000001000011
00000000000000001000000001000010
00000000000000001010000001000010
00000000000000001100000001000010
00000000000000000010100001000011
00000000000000001000000001000010
00000000000000000010111001000011
00000000000000000110000001000011
00000000000000000001110001000011
00000000000000000000000001000011
00000000000000000000000000000000
00000000000000000000000000000000
00000000000000000110000001000011
00000000000000000111111001000011
00000000000000000110000001000011
00000000000000000110000001000011
00000000000000000000000000000000
00000000000000000100000001000010
00000000000000000000000001000011
00000000000000001000000001000010
00000000000000000000000001000010
00000000000000001001100001000010
00000000000000000111011001000011
00000000000000000010110001000010
00000000000000000110110001000011
00000000000000000000000001000011
00000000000000001000000001000010
00000000000000000000000001000010
00000000000000001100000001000010
00000000000000000010000001000011
