100000
0
11000000
1100010
10110000
10111111
11011101
11100000
10100000
1010100
10110000
110111
10101110
1111100
10100010
1100000
11101100
110000
11100000
10101111
10000000
110000
1000000
10100000
11100000
11100000
1011110
1000000
111110
11100000
11101100
10111110
1001100
11011000
110000
1101001
11001100
1100000
1010000
1000000
100000
11010111
0
10000
1010000
10011110
11100000
1000000
10000
10101000
10110000
10010000
1100000
11000000
100000
11000000
10000
1100000
11100000
10110010
10010000
10000
10011110
101000
100000
1110000
11100000
10011000
1100000
110100
1100000
1001000
11100000
100000
11001000
11000000
10000000
1000000
10000
10000000
10011110
11000100
11101011
10100
11010000
10100000
11010000
11011000
11000000
10000000
1100000
1000
11100000
100000
1100000
11000010
1100000
100100
110000
1000000
11000000
11110000
11100000
11110000
10000000
11110000
11100000
10000000
0
10100000
10100000
1000000
10011010
111100
1110000
11000000
10100000
100
11100000
10111100
10111110
10110000
11101010
11000000
10100000
1000
1110000
110110
11000000
1011100
11000000
11111110
1000000
11110000
1100000
11011100
10111000
1000000
1000000
1000110
11110000
100110
1100000
11100000
11000000
10011010
11010000
11110000
1100000
11100000
10100110
0
10110010
11000000
11010000
10010000
11100000
100100
10001010
10110100
1010000
101100
10000000
1010000
1110010
100
1000000
10111100
11010000
11100100
10110000
11100000
11000000
10011100
11010000
11000000
10111100
110000
10111100
10111010
100000
10100000
100
1100000
10000000
0
1100000
1110000
110000
1100000
11000000
10100000
110000
110010
110000
10000000
1100000
1011000
1011111
0
1100001
11100
100000
1111101
100000
0
11100000
11000000
1000000
1010000
100000
11000000
11000000
100000
10111010
110000
1101100
10000
11100000
100000
10100000
11001111
1100000
11000000
11101010
1000000
10001110
100000
10000000
1110000
0
10000000
10100000
11110000
1010000
11100000
0
10000000
1100100
1010000
10100000
1000000
1110110
10110000
100000
1100001
1100000
10110000
0
110000
10011000
11100000
10110000
1000000
1011000
11011000
110000
11000000
11000
1110010
10100000
1001010
11000000
10000000
1100011
11100000
10000000
100000
11110000
100000
100100
10010000
11000000
10110000
110110
0
1011100
10011000
11010000
0
1000000
11001000
1100000
11100000
1000000
11110010
11100000
100000
0
1110000
10101000
11100000
1000000
1111001
10001
11000
10010000
1000
11110000
1010000
0
10010110
10000000
10010000
11100000
1110000
11000
100000
10010000
11000111
1101100
10111000
10000000
1111110
10100000
10100000
10101101
100000
10010
11100000
100000
1111000
1010000
10000
1001000
11000000
10100000
1111100
10100000
11110000
10101000
10000010
11100000
11010000
11100000
11001000
11011000
1101100
11000000
1101100
101000
1000000
10100000
10010000
11110000
10010100
0
10110100
1011011
10000000
10100000
11110000
0
11100
10100000
1110000
11100000
11000000
10100000
1010000
1101110
11000000
110000
11000000
10100000
1100000
0
11000000
10110000
11000000
11111000
10010000
11100000
100000
10110000
10110000
11010
11100000
110101
11100000
1100
10100000
0
10110000
1000000
100000
1000000
10100000
110000
1000000
1001010
1100000
1110010
11000000
10100000
10001000
10000000
10100001
110010
1100000
10110110
110000
11000000
11010000
10000
11100000
1001010
0
1000000
11100000
1010000
11100000
11000000
11110000
1000000
10000000
10110000
0
1110000
11101101
0
11000
110000
1000000
100110
1000000
11100000
1010000
11111110
1000000
10100001
10010000
10100000
11000000
1000000
110110
110000
0
11110000
1000000
0
11110111
0
1110001
10000110
1000000
11000000
11100000
111000
11100000
10110000
10000000
11101000
10001000
11000010
11101010
11000000
1011100
11010000
1100000
1110000
101100
1100000
110000
0
0
11010100
1100000
1000000
10000000
11110000
110010
10101000
11000
11100000
0
1011010
11110100
11010000
0
1110000
111100
10000010
10100000
101000
1110110
11101110
1011100
10000
100000
1100000
101100
10011100
11010000
10100000
11010000
1001110
11100000
1111000
11000000
1100000
0
10100000
0
11110000
11000000
11000000
10100001
10010000
100100
11100000
11110
1100000
0
10000
1100000
1000000
1001000
1000000
1010000
11000000
11100000
1010000
111100
0
1011000
1110000
100000
10110000
11100
10010000
10110010
1010101
1111010
10000000
1000000
11000000
11100000
10000000
10000000
10100000
100000
10100000
100000
1000000
100
10100
11000000
0
10000000
11011100
10110000
1000100
10100000
1101000
11010000
1000000
10011001
100000
11000000
11110000
10000000
10100000
10110100
10001100
11000000
11000000
1000000
10
1001000
1101000
1100000
10010000
0
110000
11001010
10000
10000
10110000
100000
1010
1000000
101000
11100000
110000
10110000
11000000
1001110
10000000
100010
10100000
1100000
10000000
10100000
10100000
10010000
1100000
100000
10011101
11011000
10101100
1001001
11110000
0
100000
100000
1110
1001000
100101
10000
10000011
1110000
1000110
10000000
10000000
1100000
1111010
110000
1000000
11110000
1100000
1110000
1010000
10000000
11100
1000000
1000000
10111000
100000
11010010
11100000
1010101
1010000
10101110
10101010
1110000
10000000
11000000
11000000
100000
10000010
1100000
1010000
1100000
101000
11100000
10100000
110000
11010000
0
10110100
100000
11100000
11100
11100000
11100000
1110
0
11000000
1000000
1000000
10000
10110000
110000
101100
1000000
1000000
10000000
10100000
11100000
10000000
10000000
1010000
11000000
10000000
0
11111100
10100000
10000000
1010111
1000000
10000000
10101010
1100000
11110000
1100000
11000000
11100000
1110000
11100000
1000001
11110000
10010000
1101000
111000
1
11110000
10000000
10100000
11010000
10110000
1010110
1
1110000
1100100
1000110
10010000
10000000
100000
110000
11100000
0
1110000
10100110
1100000
10000000
10000000
10110000
10011000
11100000
1101100
10110000
1100000
10010000
100000
11100000
1110000
1100000
11100010
1110000
11000000
11001110
1100000
11110000
1001010
1010000
11110000
10000000
101000
1110000
11010010
10000100
1111010
1000000
1010000
1000000
1000000
10000010
1100000
11000000
100000
11000000
1100000
10100000
10010100
1100000
10000
1000000
10010000
10011
10011110
11011100
10011010
11000
10100000
0
11101000
11100000
10000010
10100000
11100100
1000000
0
1101110
1101100
10000000
10011000
1000010
1100000
1000000
1111010
10011110
10000000
11000000
1000
1100000
1000000
10100000
10111000
1100110
11010000
11100000
10000000
11110000
11101000
11100000
10000000
1000000
101110
1000000
10100000
110000
1111010
100000
100100
11110100
110000
10000
11000000
100110
0
11000000
10110000
1010000
1001000
1100
11100
11000000
1000000
10000000
10010000
11100000
10000000
1000000
10000000
10000000
10100000
10000000
1110000
10000110
11111000
111000
1100000
1111000
1000000
11110101
11110000
100000
10100000
1000000
1100000
10101110
10010
11000000
11100000
10000000
11000000
1010000
100000
1000011
11101000
110
1100000
11010000
11000000
100000
10100110
1100000
10101100
1100000
10111000
11000000
10000000
1010000
10000000
0
10100000
11010000
11100000
1000000
11010000
10000
10000000
10010000
10100000
1100
11101110
10010
1111001
11100000
11000010
110000
10110
110000
11010111
10000
10000000
11000100
11100100
10000000
10011000
100000
100000
0
10100000
0
10110011
10000000
1001000
10100000
1010100
11100000
1000000
10000000
10010000
10110000
1010000
1010101
110000
11000000
10001
1000000
11000000
11100100
1100000
1010000
10100000
10000000
1011000
10000000
10100000
110000
1101100
10000
1110000
1000000
101000
11110000
100001
11110000
11000101
10000000
11100000
100000
1100000
1000110
10110111
1100000
10000000
10000
11000000
10000000
1000000
1000000
1100000
0
110000
10100000
11001000
100000
10110000
11010
1100000
10001110
10100000
11000
10000
1000000
10000000
1110000
11110000
1000
11010110
1110000
1100000
10001100
10110000
10000
1100000
10000000
1100000
11000000
10010000
10000000
10010000
11000000
10000000
100000
1000
1010000
1000000
11000000
11000000
1000000
1000000
11100
11110110
10010000
10100010
111110
1100000
1010000
100100
11100000
1000000
100000
1110000
10001000
1000000
10100000
111110
10010000
0
1000000
10110000
10000000
1100000
11100000
10010000
10001100
10000000
0
11111000
100000
11101100
1000000
11000000
1000000
11010000
10010000
11100000
10000
11101000
100000
10100000
1100000
10100000
10000000
110000
11010000
10100000
10100000
11100000
11111100
11100000
11111110
1110000
10110000
11100
11000100
11100100
1100000
100101
10100000
11110000
1101001
10
0
11011011
10110000
11100000
1110000
11001100
10010
11110100
1100
0
11000
1000000
10110000
10110110
10100000
111
11100000
1111100
110000
10100000
1000000
1100000
101000
1000110
11000000
10111000
10010100
110111
10111000
110000
1000001
11001000
1001101
1101110
11000101
1000000
10100000
1001100
100000
1010110
100110
11001010
11100000
10000000
1110000
11000000
10000000
1100010
0
11010000
10100000
100000
1110000
1000000
10100000
1000110
100000
11100000
10000100
10100000
1000000
0
11010000
0
10010111
100000
100110
10110010
11100000
11001110
0
101100
10000
0
1000000
10000001
0
0
1010100
11100000
10001000
11110000
10010010
1010100
11000000
10100000
11100000
10000000
10000000
1000000
11000010
110010
10000000
1001000
100000
11000000
11000100
11000000
10000000
100000
100000
1010011
100000
11110000
11001101
1100000
1100000
11111
1100000
11100000
11110100
101010
10000
10000
10111000
10000000
11111000
10111000
111110
1011000
10110000
10010000
1111000
10010000
10110000
100000
10100000
110000
10111000
11100011
1000000
1101110
0
101
1000000
11110000
1100000
0
1000000
10110000
10100000
1000000
10110101
11110000
1111100
11100000
11010000
11100000
11010000
11010000
11100000
1100000
1110000
1111010
11110100
11011100
1000000
11000010
1000000
11101000
10000000
1111000
10100000
1000000
1000000
10000000
10001000
11100000
10100000
1100000
1010000
10100000
100000
100000
10010000
10011000
10010000
100000
100000
11000010
110000
11100000
110100
1010100
110000
11000000
10110000
11101000
1011000
1010000
1000000
11110000
11110000
11110010
11111100
1000
1000000
11000000
10010000
1100
1010110
11100100
0
1000010
11001010
1010000
11011000
0
1000000
11011110
10000000
10100011
11111110
100110
101000
1100000
11010000
10001000
10110000
101000
10100000
10100110
1010100
1011110
10111110
1010000
1010100
101010
1000000
10000
11011011
1000000
11010000
0
10000000
11101100
10000000
10011010
10000
1001011
10001000
11010000
10100000
11110110
0
10100100
11010000
10010000
1010000
11010110
10010000
11101000
10000000
10101000
11100000
1000000
100000
11100
1110000
11100000
1010110
1000000
111110
11110001
1100000
11100000
10000000
10000100
100000
11011010
11000000
11100000
10010000
110000
11000000
10100000
1100000
10011100
10100000
1010010
1100000
10111
10110100
1100100
1010000
10000000
10110000
1110000
10000000
1100000
11011000
10000
1111000
100000
10000000
11011000
10101101
1000000
1000000
1010000
11010000
1101010
1100010
10010000
100100
11000111
11000000
1111100
10010
110000
1100000
10000111
100000
11000000
1000000
10000000
1100000
1101010
100000
1010000
11000
11000000
11000000
10010000
10110100
1100000
1000010
11011011
11100000
10100000
110000
1100000
100000
11000000
100000
10000000
10110000
11010100
11000000
111
1000000
10110000
10010000
10110000
10000000
1000000
1110000
10010010
0
10100000
10001110
1110000
10000100
11000
11110000
10001101
1000000
11000000
11001100
11000000
1001111
1100000
1110000
10000000
100000
11000010
101000
100000
0
0
11010000
1100000
11110
10110100
11000000
100
1010001
10110000
11101000
1000000
11000000
10100000
1000000
1001000
10110100
10000000
10110000
1010000
1111110
10100000
1100000
1100000
11110000
10000000
1000000
1000000
1000000
101110
11111011
10101000
1000000
1100000
10000
1100000
11110000
0
10010000
10000000
11110010
0
11010100
10110000
1001000
10001000
11010000
11100000
11111000
1100000
11000000
11110000
10000000
10010100
110000
10111011
10110000
1000000
11110000
1010000
10101000
1100000
11000000
11101100
11110
1101010
11011010
0
1100000
110000
11000000
11100000
10000000
10010000
1000000
111000
1100
10011000
1010010
11100000
1010110
10100000
1000000
101100
11100000
10100000
1000000
0
110001
11110000
11100000
1101110
1100000
10100000
0
1010000
10110000
1011100
11011000
10100000
1100
1100000
11100000
11001100
11011000
10110000
11000001
11001100
1100000
10100000
10000000
100111
11000000
10011000
10010000
11000000
100000
10010000
10110000
10110011
10000000
10100000
110000
100000
1000000
10000
11100000
10000000
11010010
10100000
11110110
10011000
11000010
100000
1110000
11110100
0
1010110
10101
1110000
10100000
0
10100000
10010010
100100
10000000
1100000
11100000
10110000
10110000
10000000
1100
100000
11000000
1010000
10110000
0
1000000
11000000
0
1000100
10100000
10110000
10000
11011000
1000
11000111
1000100
10100000
1100000
1110000
1000000
10000
1000000
1010000
10001100
11001100
11000000
1010000
1000
1110000
11100000
1100000
1101000
10110000
1000000
1100010
11100000
1000
10000000
11100000
110000
10100000
10100000
10101000
1101
11100000
1000000
1000000
1110010
1000000
100000
11000000
1100000
11010000
11110000
100110
1011000
10000000
110000
1010100
101000
11100000
1001010
1000000
101100
110
1000000
11000000
10111001
100000
10100000
1100000
1000000
1101010
10101100
11110000
1000000
10000000
11000110
10000000
11000000
10010110
11110100
1000000
111010
10000000
11001000
110000
1000000
11000000
100000
100000
10100000
11000110
1000010
11110000
11001100
11000000
11100000
110000
10110000
100000
11010000
1100000
1110000
11010100
110000
10010000
10000000
10110110
10100000
100
1010
1010100
100000
10100000
11100000
11000000
11100000
11000000
1000000
10110000
11001000
11110000
11111000
0
100000
110000
10000000
100000
11000000
11110100
11010000
10010011
1100000
11100000
10010000
11010000
11010000
1000000
10000
11101000
10001001
1011100
110000
111010
11100
1100000
100000
1000000
111110
10000000
10110000
1011000
10000000
100000
1010000
101100
1100000
100000
1111
1011100
1101100
10110000
100000
1010000
10100000
1100000
10111000
10000
0
10111100
10101101
1010000
1000000
0
10000000
10110000
1000000
1010000
11010000
11110000
1000000
11100000
100000
100000
10100000
10000
1000000
1100000
0
11100000
1010000
0
11100000
10000
1100100
11100000
1010000
110110
11100000
11000000
1000000
10100000
100000
1000
10011101
10011000
100000
10000010
11010000
10000000
1000000
10000000
1100000
1000
1000000
11010000
10100000
11100010
100000
0
11101110
11000000
1100100
10001000
11100000
1101000
1110000
10100000
11001000
1001000
111010
10000000
11110001
110010
1111000
1111000
1100000
1100000
1101000
10010000
1000
11100000
1010000
1001111
11100000
10111100
100000
11100100
11100000
11100000
11100000
11000000
10000
11000000
10000110
1000100
0
11100000
1110101
10100000
0
100000
1000000
11000000
101000
11100000
10010000
11010000
1100000
11100001
1110100
0
11100000
10000000
10010000
110000
11000000
1011000
10000
11110000
10000
11001110
10000000
11100000
10100000
11011000
11000
1000100
11010000
100000
11001010
10101110
10010010
11101100
110000
10000000
10010100
111000
100000
11110000
1110000
1111000
101111
1110000
1100001
11110
10101100
0
1010000
10110000
11111100
0
11010100
10100000
11111110
1100000
111100
0
11110000
1011000
1111100
10100
1100000
10100101
11001000
0
1100000
11100000
11110111
0
11000
11000000
1110000
11001110
10100000
11000000
10010000
11110110
1000000
0
11100000
11100000
10010000
11110000
110000
111110
11000100
11100100
10000000
11010010
11010000
100000
11001110
1000000
11110000
10010100
10000000
11001000
110110
1100000
1110000
11000000
1100000
11011000
11000000
100000
11000000
10100110
100000
100001
10000000
10000
11010110
0
1100000
10000110
10101000
11000000
1000000
1100000
1000000
11100000
10110000
10100000
1010000
10010111
0
11010000
10110000
11100110
1100000
10100000
10000000
10110
10010000
10000000
11000000
110111
100000
1010000
100000
111000
10110000
10110
1110100
10100000
111110
11110000
100000
110010
10000000
10010000
1000
10100100
1000000
11001111
1100000
11000000
100000
11101100
100000
0
10100000
10100000
1000000
100000
10100000
0
1001000
10100000
1100000
1101010
10000
10000000
1110100
10001010
100000
1000000
1100110
11100000
10010100
10100000
11110000
101000
0
1011000
11001000
11100000
1000000
0
10000000
10000001
10100000
1010110
10001000
1011100
10000000
10110000
10100000
0
1000000
1000000
10101000
10101000
10100000
100000
110011
1100000
1000000
1110000
100000
10000000
11100000
1110000
10000
10000000
11010010
11110000
10001000
10000000
10100000
1000000
1100000
100000
1000000
0
1100000
100000
10000
1000000
10111100
11010
10111000
11000000
11011100
10100000
10111000
11111000
0
0
1100000
10011000
11100000
1101100
11111000
1110000
10010100
1111000
10100000
1001000
11000000
11100000
10100000
10000
11110000
110000
11011000
101100
0
1100000
1111000
110010
0
10000
11101100
11100
1100000
11100
1110000
11110011
11001100
11000000
10000100
1100000
110000
11111
10000000
1100010
10100000
10001100
1100000
11110000
1100000
0
10100000
11011000
10000
11000000
10000
100000
1100111
1100000
10010000
10110000
1000010
10100000
10011000
0
11110000
110000
10100100
11100000
11010000
11000000
1100000
11110000
10100000
1010000
10000000
11001100
1000000
10101100
11110100
100000
0
1000000
1100000
11011100
0
1100000
10100100
1000000
1100000
1000111
10100000
1010000
100000
10000000
100000
11000000
11101
11101100
11000000
11100000
11000000
11000000
11110000
10111110
10010000
101010
10111100
1111100
10110000
10000
11110000
10110000
100000
10000
10000000
0
0
10000000
11111100
11000000
10000000
10100000
10100000
1000000
11100000
10011000
11101110
100000
10110100
10110000
0
101010
0
10100000
1100000
10100000
11010000
10100000
11000000
10010000
10000000
1101000
1010000
11000000
101000
11100000
10001000
1001000
1101000
100000
1110000
10001110
1100000
10110000
11100000
11000000
11010000
100000
10000000
110000
100000
10110000
10110000
10010000
10100000
110000
11010000
10110010
11100000
100110
1101000
0
10000000
0
1101000
1101110
10000000
1010000
1110000
11000000
10010000
1100000
1000000
1100100
100000
10010000
1010001
11111000
10111000
100000
10000000
11000000
11100000
11100000
10000000
1010000
11100000
1100000
10100110
1110000
10110010
1110000
110011
1011000
1100000
1100000
11000000
11000
111000
10111010
1000000
11101110
1100000
1111010
11101100
100000
10010000
11100000
10010000
10000000
11111000
10000000
10110010
1100000
11000000
10000000
1100000
11110000
1000000
10101000
10010000
100000
10100000
11010000
1011000
1001100
10000000
1010000
1010000
0
1
10110000
10010110
10000000
1000100
100000
1010000
1000000
100000
1100000
1000000
1100000
0
11010100
10100000
11000
10111000
11101010
1011000
10101011
11100000
1100000
10100000
10100000
11010010
11000000
10100000
10100000
11010000
10000
100000
11010000
10010011
10100000
100000
0
1000000
11110000
1100000
1100000
1110000
10111100
1110
10100000
100000
0
10011100
1000000
1001000
1000111
11110000
1110000
10010000
100000
1110000
11110000
10110100
10011000
1000000
10110000
10011100
1000000
1110000
10011010
10100000
10010100
1011100
1010000
1000000
1101100
1110000
10110000
10000000
101100
101110
1100100
10010000
1100000
100110
10010110
11011000
100110
10110000
10000
11110010
0
1010000
1100000
11000
10
0
11000000
1100000
110000
10100000
1110000
10010100
100000
1111000
11000000
1111100
10110000
1000000
11100000
1000111
1000000
1111000
10000000
1001100
11111000
10100000
10101000
11010000
10000000
10000
10100
10000000
10110000
111100
11000000
10000000
11000000
1100000
1101000
11100000
100
11000000
1111000
110000
0
11000000
10000000
10010000
0
1000000
10100000
10000000
1100000
10100000
11011000
11001101
10000000
10110000
1000000
10110010
1110000
1000110
100000
11010000
10000000
11000000
1000000
10100000
11100000
10110000
11000000
11000000
1010000
11111
10011000
11100
1000000
1001001
1100000
10101000
10000000
11110000
1100000
100000
101000
100
10000
10001000
100000
10110110
11100000
11010000
11100000
1010000
0
11101000
10000010
1000000
1001100
1000000
100000
1100000
10100100
10110000
0
10100000
10110000
11000000
110110
11001010
100000
1001010
110000
1100000
1110000
10010000
10001110
11000000
11000000
10101100
11100000
1001110
110000
101111
0
1101000
11000000
11111000
11000000
1100000
1000
11111010
0
1110000
11001110
11110000
10100010
101000
1110000
10100
10000000
100000
11100000
1100000
1110000
11110000
100
11001100
1010000
10000110
10100000
10001
10110000
1010000
10011000
10101100
10111
0
10000
100000
10000000
1101000
11000
11001011
11101000
11100000
11101010
11100000
10101000
1010110
1100000
1100000
11111000
10000000
1000
1000010
10101101
1100000
11111110
1100000
11010000
10111111
11001101
10000011
1000000
100000
11000111
10011000
11001001
10010000
1000
11110000
1100000
11111100
11000000
11000000
10000000
11010000
10000
11000
10100000
1010000
1
1100000
10010110
0
100000
10110000
10000000
11110000
11100000
1110000
11001011
11001000
111000
1000000
11010000
100000
1100000
11000000
10000
10100000
0
11000000
1011010
10100000
100000
10100000
100100
100
11010000
0
110100
1000100
100000
1010010
11100000
1100000
1111100
10000011
11000000
11011000
100000
10010000
11000000
1110000
10001100
10010100
10000000
11001000
111111
11100000
11000
1100000
11010000
1000000
10000
1110000
10000000
0
1100000
11100110
1010
11111000
110
0
10000000
10011010
10010010
10000000
10110000
11100000
10010001
1001100
1011100
11000000
110000
10000000
11100000
0
100000
11000000
10000000
11010000
1011010
11001000
11100000
10100000
101000
110000
11001000
10110000
10001000
10010000
11010000
100000
0
1100000
1010000
11010100
10011011
110000
0
10000000
1000
10000000
1100000
10010110
11100000
10000000
1000000
10010000
10000000
11100000
10100000
1100000
10010000
1100000
1000
100000
1110000
110100
111001
11111000
1100001
0
1001000
1000000
1100000
10100000
100000
11000000
100000
10101100
110101
101100
10101110
11000000
0
10111010
11110000
1100000
10010000
100000
0
1110000
11010000
10110000
10000000
11101100
1101100
1100000
11010000
11110000
11100000
1010000
11000000
10101101
110000
1000100
10100000
101
1000000
111001
1110000
1010
10001100
11001100
10110000
0
1100000
10110101
1110000
11000000
1000110
11101000
0
100000
10111000
11010000
11000000
0
100010
10110000
0
10001000
1001000
11110000
1001000
11011000
101000
1100100
10011000
10110000
1110000
10100000
1000000
11100000
11010000
1110000
11100000
11100000
100000
10010000
10101110
0
11110
10100000
1000000
10000000
1111000
101000
1100000
1000101
0
10110000
10100000
1100000
1000110
11110000
10101100
111100
11110000
1000000
0
10000000
10100000
1011000
11010000
11100000
10001000
10000000
10000000
11101101
1100000
1001000
11110000
1000000
10000
11110000
110000
1100000
10110110
1100000
11000000
1101100
10000000
1011000
11100000
101000
10100000
10101100
11011000
11100000
11100000
10101000
1000000
11110000
0
110000
10111011
11000000
1000000
10000000
10100000
1111010
10010000
10100000
10010
10010000
11010010
110000
0
1100000
10010100
110110
11000000
100000
1101100
1000110
1111010
1111010
10100000
0
10000
110000
111000
1100000
11010
11010000
11110000
101111
10100000
100000
1000000
10010000
11110
10001000
11000000
10000000
1100000
10110000
11001000
1000100
1000100
1000010
0
10001110
10011100
11100
1000000
111100
11010100
10010000
100000
10001110
10
10110000
100000
100000
1000100
1110111
10000000
1011000
10010000
1100
1000000
1010000
10110000
11100000
1100000
1100000
11100000
1000000
11000000
1100000
100000
0
10000
0
100000
100000
0
10101000
1100000
0
1100100
1000000
111110
11001
1000
11000000
11100000
10100000
10100000
11010010
11010000
11110000
1010000
11111100
0
11111010
11101000
1101100
11000000
10100000
10010
1101110
1010000
11011011
11100000
10000000
11100000
100000
11110000
11011110
11010000
11110000
1000000
1000000
1000000
0
1000
100001
1100000
10100000
0
10101000
100000
11010000
10000000
10000
10100000
100010
10001100
10100000
100000
10100000
10100000
11111000
0
100000
11010110
1100000
11001110
11001110
11100100
10100000
100010
0
100000
1010000
11111010
10100000
10110000
110000
1100000
10000000
10000010
11110000
1100101
11110110
10000
10100000
10000
11100000
1000000
11101000
1011100
1000
10100000
10000
1100000
10101100
11100000
1100000
11100000
10100000
10101111
10100000
11010000
10011000
10110000
1100000
10000000
10000110
1100000
0
1000000
10000000
10110000
11000010
11110000
10011000
1100000
0
100000
10110010
1100000
11110000
11110000
10001000
10010000
1101100
1110100
10100000
100000
11110000
1000000
1100000
10000
10000
10100
1010000
100110
11110000
10000000
11101000
1000000
110100
10000
1100101
11100000
0
10000000
0
11010000
11110000
110000
10000000
11011001
11000
101000
1000000
10000
11011100
10011000
10011000
111000
110000
100000
1100000
11110000
11110110
0
1110100
111100
10011100
100000
1101100
0
10010000
10100000
10000000
10010000
1110000
1100000
10101000
1001101
10100000
10101000
11000000
11110000
1001110
11000000
10100101
11100000
11100110
11000000
100100
11011000
100000
1111010
11000000
1000
10101100
1010110
10100101
1000000
1100000
0
10100000
1100000
11101000
11101000
10000000
11100000
1110001
100000
100
100010
101010
10000000
1010000
11110000
100000
10100000
0
1100000
10000
11101110
1000000
11110100
10000000
1100000
11100000
10110
1100000
1001000
1110000
1000000
100000
1110000
11000000
10000
10000000
10100000
10100000
11110000
1100000
0
11100000
10010000
100000
100
10111100
1101100
10000000
11010000
10000
10010101
11100000
10000000
10111000
1000000
10101110
100000
1001000
0
10100000
0
11110110
1010000
11010000
10000000
1010000
0
10000001
100000
100000
11111011
10011000
10100000
1110010
1100100
11100000
1100000
11001100
11100000
10111000
100000
1100000
10111000
1110000
1110000
11111000
11000110
10010000
11101100
11100000
10101100
1000000
11110100
11001000
11100000
10000000
10100000
110000
11110000
1100000
110000
1010000
11100000
11010100
1100000
10000000
1110000
11100000
1110000
11100000
10000
110110
10110000
1000000
110000
1100
11100000
11000000
11111100
11110000
11110000
10110000
10100000
11100000
10110110
10000
1000000
10100000
10000000
11011110
11110000
10111000
1000000
1000000
100000
10101000
100000
110000
11010
11110000
1100000
100000
10010010
11000
11000000
1110010
10100000
111000
10001100
1100000
1101010
0
1100000
1000000
10010000
10010011
10110000
1110110
1110000
11001100
1100000
11000000
11100000
11101
0
1111100
1110000
1000000
11000
1100000
10011000
11001100
10000
1100000
10110000
1011000
1100000
11110000
1110000
1110100
100000
11100000
11010000
100000
11100000
10000000
10011100
1100000
1110
1100000
10110000
1011000
10111110
1011011
100000
1100000
10100000
11100000
10001
10011110
10100000
10000000
10010110
11000000
11100000
10010000
1101110
11001000
1101010
10110000
10000000
10010000
100000
0
1100000
11000000
11011000
11011000
11000
11010000
10110000
11010000
1100000
11000111
1100001
1100100
111000
1100000
1100100
1000000
1011100
11100000
1000000
1110100
1000000
10000000
10101100
0
11100000
11000000
11110
10000000
11000000
11100000
11000000
100000
10000
11000000
10110000
10111100
10111100
10100000
10100000
1100110
11110101
110100
11100110
11000110
0
11000000
10000000
11100000
11001110
11101
11100111
1100000
10100000
10110000
0
10000000
10111000
10000
11000000
1000110
10000
11100110
1000
10100000
10110000
10000
11101000
101010
11000
11000100
1110000
10100000
10100000
110000
11000010
1100000
11100100
11110000
1000000
10010000
11000010
100000
1100000
11100000
11010100
111000
11000000
11010000
10000
11100000
1000000
0
110100
11100100
10000
10100000
100000
110100
1101100
1100000
10000
100000
1100000
10000000
1100
10000000
10001000
1100
10110000
0
1101111
10000000
10110000
10000000
11100100
0
1101100
11000000
1011000
0
0
1100000
10110000
10100000
10111110
10010000
10100000
100010
0
10000
0
0
11001000
11000000
1100000
101000
11110000
100000
1000000
10010000
10000100
111011
10100000
1111010
11110000
11100000
11000000
11010000
1011000
0
1000000
10000000
1000000
10100100
1000000
10100000
10011000
11001001
1010010
1111111
1000100
1100000
10000000
101010
1010000
10100000
1100000
111000
110000
0
11000000
1100000
10010000
11000101
11100000
11000000
10000000
111000
10100000
100000
10100
101100
10100000
1100110
11100000
10111010
10000000
1000000
1000101
11011000
11100000
11000110
11100000
10000000
1010011
1100000
10000000
10011010
10110000
0
110000
11110
1100000
11110010
11100100
10111
0
1010000
1011110
11000000
10011100
1000000
10001000
11000000
10000000
1101100
1100000
10100000
10110000
101110
1000000
1000000
1011000
11000000
11000000
0
1010000
1100000
110000
11010000
11111000
100000
1000000
11000000
10011100
1111100
1011100
10100000
11000000
10100000
10110000
100000
1001010
0
11110000
10011110
1000000
10000
1000000
100000
100000
1110110
1010000
11001000
1110000
111000
11110010
11001100
1010000
1100000
10100000
1000000
11000000
0
1000000
11110000
1010000
1100000
0
11101110
10110000
1000000
11010000
1000
101011
0
11010000
10010000
1001110
11110000
1000000
101000
1000000
100000
1100000
10011000
10010000
110000
101100
1000000
110000
11110000
1000000
1110000
11010110
1100000
0
1110000
100000
11000
1000000
1011111
11100000
100000
10000000
1110000
1100000
11100000
1010000
111000
11010000
1001000
0
11110010
0
10000000
1010000
110000
10110000
111101
1100000
10000
101000
1010000
101000
11000000
10100000
1100000
11110000
10010
11010000
1010110
10010000
1101000
11001010
1000000
10000
1100000
10110000
1010100
11000000
101111
11000000
10010000
11100000
11100000
10000000
10011100
1010000
11000000
11010000
11100000
11000000
100000
1101000
10010000
1111000
10010000
1100000
10110000
10100000
1001010
1100000
11001100
11000000
11010000
1000000
1100000
100000
11001100
11100
11100000
100000
1110000
11110000
1010000
110000
110
0
101110
0
10111100
10110000
10110000
10111000
11011100
10000
100010
10100000
11000000
10010000
0
10110000
10100000
10000000
0
10110000
100000
100000
10000000
1110000
11100000
11110000
11100000
1111000
10100000
10000000
10010000
11000100
10011000
0
10111010
11000000
11000000
100001
11110000
1010000
10000100
1100000
0
11000
100100
10000000
0
111
1100000
10100000
1000000
10110100
10011000
110000
11000000
1100000
1000000
100000
10100000
10111100
1000000
110010
11101010
1100000
1001100
10010000
10000000
11000
10011000
100000
1100000
0
10000
11000000
10101110
11110
101100
1000000
11001000
11100000
11100000
1010000
0
11000000
10011
1000000
10000000
1110000
11101100
11011000
11110000
1110011
11100000
11000
11010000
1100000
1111010
10100000
110
100000
110000
11000000
10010000
100000
11110
10000
11110100
10000110
10110000
100000
10100000
11010000
11111000
100000
100000
0
10100000
1011100
10000000
111000
111000
1000000
1010100
11000000
11110000
100000
11100000
1111010
100000
10100000
100000
11000000
1000000
1000000
11010000
10110000
11100
10000
1000000
10000000
11100010
10100000
1000011
10010000
10100000
10000100
11100000
1100000
1000000
101100
1010000
10010000
10110000
100000
10000000
1100000
11001000
1000000
11000000
100000
1010000
11110000
11000000
11110100
10000000
1000000
1101100
10110000
101
1010000
10100000
1000000
11010000
100000
0
1000000
1100000
10110000
11110
10000000
10000
1010000
10110110
10100000
11100000
10010000
1000000
10010000
10100000
11000000
111100
1000000
11000000
100000
11110000
11011100
11000000
110000
10100000
1110000
1100000
10111100
1100000
11110000
1000000
10000000
1011110
1000000
1100000
10010110
10100100
1100010
0
1100000
11100000
1011100
11100000
101000
100000
1011000
1000000
11100
10110000
10010000
10111100
100000
1101110
110110
10010000
10000
100000
11010000
10100000
10100000
1100000
1001100
11110000
10010001
0
100
1101
1000000
11000011
1100000
11000000
10000
1000000
11000000
0
10100000
10010000
1000010
1011000
110000
10000
10000
1001101
1000000
10000
1000000
110000
1100000
10100000
10000000
110000
100000
1110000
10110000
1000000
11011000
1100000
11111000
100000
1111000
10100100
11110
100000
11010000
10100000
11000000
110000
1100000
11001000
11100000
10000000
11100000
11100000
10000
1110010
10000
100000
1010000
1100000
11110000
10000000
1001010
110000
11000000
10100000
11000000
1011101
10000
10111110
10010000
100000
1101110
11000000
10010000
11100000
10000
1010000
11110000
10111000
10000
11000000
10010000
10111000
11100000
11000000
11001000
1000000
1000011
11100000
101010
1111100
100000
110000
1100000
10011000
110000
11011000
11110000
11000000
10100000
100000
1100000
1100000
10000
10010000
1100000
10000000
10011000
10100000
110000
1000000
10101100
10000000
11010000
11100000
11100011
10010000
1011100
0
10011101
1111000
10001000
10000000
10100000
10100000
100000
1100000
11000000
11010000
10110000
10000
11100
1011100
110010
1110110
10100
1110000
11001000
11000000
1000000
100000
10011100
11001000
10000
11100000
10110000
1110000
11100000
10111010
1000000
11000000
11100001
110000
10000
1110000
10000
0
11110000
10000
10100000
11000000
10101101
11100000
11001100
1100000
1100000
11010000
11101000
10000000
10000000
10010000
100000
1000000
11100000
0
1111010
11110100
0
0
0
11110100
110000
10000100
100000
100000
0
10110
1000000
10100000
10000000
0
11010000
11000000
11001000
11100000
1110010
111010
1010000
11000000
1100000
111111
10010000
11001100
1000000
10010000
1010000
11000000
110000
0
11010000
0
100000
1000000
11001000
11001010
11100011
1010000
11100100
101100
0
11010000
100000
10011000
1000000
1010000
1100000
100000
10010000
10000000
1000000
100000
1110000
0
1010000
10011100
11010000
10000000
1101000
1100000
1011000
11000000
1110000
1110101
10110000
110100
0
11110000
1000000
10000000
100000
10000000
10110000
0
100000
10000
111000
1100000
100000
10100000
10010000
110100
111000
1100000
100000
10000000
110000
1000000
10110010
1000000
11110000
1110011
1000000
10000000
1000000
1000000
1110111
10000000
1100000
10000
0
100110
100
1000000
10110000
11100000
10100000
11000000
10000000
110000
1000000
10011100
10100000
11010000
1110000
11110000
10000010
11100000
11000000
1010000
11010
10110
11000000
10111000
1001100
11000000
11110000
10000000
100000
10010000
10010000
1110000
10110000
1000000
110110
10010100
10000000
11001110
10111010
10101110
1110000
100000
11010000
10111110
110000
11000000
100000
10100000
11000000
1110000
11100000
10010000
101100
10011010
11100111
1110010
11000000
10010000
10010000
10110010
11101110
11110100
100100
1111110
100000
11100
10001000
1000100
1000000
10011010
10000
1100000
11110100
11100000
1100000
1101010
110000
11100000
1010000
11001110
1110111
11100
11000000
10110000
100000
11010000
1010000
11000
1100000
101100
11110000
1001000
10111000
11010000
11100000
10100000
11000000
1001100
10
1100000
10000000
1100000
11000000
111000
11000
10010000
11100000
1010000
110000
10001000
10111100
11000000
10111000
11100010
11011100
0
10000000
1000000
11101000
11000000
1110000
0
1000000
1100000
10000
10100000
100000
111110
1100000
1110000
10000000
110000
10000000
10000000
1110000
1011001
111000
0
10101110
10010000
1010011
100000
1000000
101110
10100001
1100000
10010000
10000000
11010000
10110000
100000
1000010
11000000
10010000
1100000
10110000
10111110
10001110
1011000
0
11001000
1000
1100000
11100000
11110000
0
11101010
101000
1110000
110000
1010000
1000000
11000000
11100000
0
100100
10000
11000000
11100000
1000000
0
1010100
101010
11101100
10110000
11101000
100000
1000
1111100
10000000
100000
10000000
10111010
10110000
10010000
1000010
11100000
100000
10000
11100000
11110000
10000000
1100000
100000
1000000
1100000
11010000
10000000
111110
1011010
1101010
1111010
100000
10010000
100000
1011000
1100100
1111000
10000000
10111000
11011010
110110
1100000
11010011
11010000
110100
1010
10100100
100000
1011000
11000010
11100000
11111000
110000
11110000
110000
10000
11100000
10110000
1011100
10100000
10011010
11000000
11110100
10011001
0
10100000
11001100
10100000
10100000
10010000
11100000
11101100
100000
11011000
10000
10010000
110000
10000000
10100000
1000000
100000
1100000
10101000
11100000
1000100
10010
10000
111110
110110
1010011
10000000
1100000
0
101111
10100000
0
10000000
10111000
100000
1110000
10000000
1001001
10000
100000
10100000
11110000
11010000
1000000
100000
1001
11100000
100000
11101000
0
10000000
10100000
11000000
10000
110000
11010010
10010111
1110000
10000
10000
10000000
11001
11010000
11000
101100
0
10100110
10101000
11000000
1111000
10000
10000000
11000000
1000000
11000000
1100000
10000000
10110101
0
11011000
1010000
110000
0
1110010
100000
1000000
1100000
1011100
0
10011010
10110000
100000
111100
11100
1100010
100000
11001100
11011100
10010000
10100000
11000000
1100000
11001000
10001000
1000
1010000
100000
1010000
0
10110000
10110100
10000000
10010000
11000
11100000
0
1100000
11000000
100000
11100000
1100000
1011100
100000
11101111
1000000
100000
10100000
10111001
1101
10011100
1100000
1100000
100000
0
11001100
100000
10100000
11110000
10101000
1010000
11100000
1000110
11100000
11110000
1010100
1100100
110111
100110
11110110
0
1110000
1000000
1101000
10000000
1000100
1000000
11100000
1000000
0
1000000
1100000
111000
10000000
11110000
11011000
11000000
10100000
0
1101100
1110000
10000
110000
1000000
100000
11001101
10110000
1100000
100000
0
100000
10111110
1011110
111100
1110000
11110000
11000000
100001
11000000
10110000
1000000
11110000
10010000
10000000
1010100
10000000
100000
0
11000000
100000
11100000
10110000
1110011
1101100
10100000
10101000
100000
11101111
11011100
10000000
1100100
11110000
1011010
1110100
10000000
11011111
1010010
1000
11110000
11110100
1100000
10000000
11000
1000010
1000000
11001000
110000
11010110
1100000
1100000
100
10110010
10110000
11010000
11000000
10000
100000
11000000
1010100
11110000
11110000
1000000
11110000
110000
10110000
110000
11010000
1100000
11000
11100000
11100
11010110
0
10100000
10000
110001
1100000
10000000
100000
10010000
1010000
11111000
11110000
11110000
10001000
110110
11101010
110001
10101000
11110000
10100000
1000010
10110000
10100000
110
11100000
1101
11110000
10100000
1110000
11000000
11110000
1110000
10010000
10100000
11100000
11010000
1111100
0
101
1010100
1000000
110110
100000
11111000
11010101
10000100
11110000
11000
1100000
10111000
11110000
100000
11000000
11000000
11100000
11010000
10000000
11110000
10001010
1101000
10101000
11000000
10010000
11100000
11010000
11000
10010100
1000000
11000000
10000000
1000000
100000
1010010
10000000
11010
1100000
11011100
1000
11000000
11100
10010000
11000000
111111
100000
1000000
10000000
11010000
10000000
11000000
110100
10011000
100000
11100000
1110000
1110
1110000
11000000
1011100
10100000
10000000
1011000
10100000
1000000
1001000
0
1000000
10000000
10100000
1101100
1110000
11000000
1100000
11110000
11000100
100000
0
11010000
10000
10010000
1100000
10100000
11000000
10100000
110000
10100000
11100000
0
101100
11000000
1100000
1110
1000000
11100000
10000000
11110000
1100000
100000
1101110
1000000
100000
1100000
11101100
11001110
101000
10101000
10100000
11000000
100000
1100
1110
110010
101100
10001101
10011100
10100000
10010000
11000110
10000000
11010000
11000000
1100000
10000000
10101010
10110100
11100000
10000000
10010010
1000000
10010000
11100000
11111111
10000
10011011
1110000
11000000
1000010
11100010
10000
10000000
1100000
11110000
1111000
100000
10000
1100000
10100000
10100000
11100000
10100000
0
1110000
1110000
1100000
0
111100
0
11010110
11010010
10111000
1100000
11010000
0
10000000
11110000
11100000
11110000
11000000
10110000
10110100
11110000
1000000
10101000
1110100
100000
10110000
11100000
11100000
100000
11010000
11010000
10000000
11010000
11110111
1100000
100000
10110000
11100000
10000
1110000
10111000
10000000
1010000
1000000
11110000
10111000
11110110
11000000
0
10011000
1010010
10100000
11111100
10011000
0
10000000
1100000
110000
11100000
10000
10010000
11100000
1000000
10000000
1100000
11100000
1111
11000000
10000000
11010000
11000000
1100110
10110000
100000
11110000
110111
10000000
11010100
1010000
10100000
10110000
10110000
10000000
100000
11100
1110000
10111000
10110100
10100000
11100000
1000000
11000
11100000
10110000
11010000
10100000
11100000
10110000
1110000
1101011
10110000
11010000
1100000
11010110
1101110
1000
1100000
1100000
0
0
100
11000000
110000
11000000
1010000
11110000
10010000
1100100
1110000
10100000
10000000
11110100
11100000
110100
10000
11100000
10111000
1100000
111100
11100000
1111110
1000000
1000000
11011000
10111000
11000000
11000000
11100000
10000000
100000
10101000
110000
10000000
1110000
1010000
1100000
1110000
10111100
10111110
11010010
10101100
0
10000000
110000
11011000
1010000
10110000
11111010
10110000
1111100
0
100111
101110
101110
11100000
10000
10010000
10110000
1100000
11100000
11001010
11100000
10000000
10100010
10000000
11100000
10001010
11100001
11100000
10010010
0
100000
11000000
11010000
1100000
100000
1010011
11000000
10000000
11111000
100000
11000000
11000000
100000
10000000
11100000
100000
1100000
1110000
11000000
10011100
10000
10101000
10010000
1111010
110010
10000
11011000
0
1101100
11010000
10001
11110000
1000100
11011111
11001000
10100000
10101110
1100000
10010100
11010000
1100000
11101000
11110100
0
1100000
100100
10011000
1101010
10000
1111110
10000000
1110110
11011100
1010000
10000100
0
10000000
11110000
1100100
11000000
1011000
0
10000
10111000
10000000
11000000
1101011
1010000
1011
11010000
10010000
10000000
1100000
1000000
0
1100000
10110000
1110000
11000000
1100000
0
10001000
10010000
11001100
1001100
11011100
1010000
1000000
1110011
10000000
1110000
10000000
1000000
1110100
1100000
1100000
10100000
11000000
11100000
110000
110000
0
10000000
100000
11100000
1110000
0
11110000
1000100
10000110
10000000
10100000
10010000
1100
1100000
11100000
1111100
1010000
10000010
1100
11000
11100000
1001010
11100
1000000
1100000
100000
11100000
1100000
11000000
1100000
100
1110110
10000000
10111110
11100000
11010111
10110000
1100000
10000000
11000100
10100010
10011010
11100000
11000
1101000
1010110
10100000
1101000
0
10000000
11110000
1110000
110000
1000000
1010
10000
10111110
110000
11110000
1011100
100000
11100100
10000000
10010000
1010101
11100000
10110
10110110
10100000
0
11100000
10000000
11100000
11000000
1110000
11010101
1111000
1111110
11001100
111000
10110000
10010000
111010
10000
110000
11000000
10000010
10100000
0
10111000
11010100
10100000
11100000
11110000
10000000
0
1100000
0
10000
1100000
10100000
1100110
1010110
1110000
11100000
10000000
11000
1010010
100
10000000
10000
110000
10111000
10110000
10000
11000000
11100000
1001010
1011010
10100000
110000
10001100
101110
100000
11010000
10100000
1000000
10000000
10010000
10000000
10101110
1100000
1100000
110000
1110000
11110100
10000000
10000000
101100
11101111
11000101
0
11000000
110000
11011010
0
10100000
1100000
10
11100000
11000000
10110
10100000
11001
110000
11000000
11000000
10111011
1110001
11100000
11000000
100110
11110000
1100000
1000000
111
11100000
11100100
10100000
1000000
1110000
11111000
10100000
11010000
10010000
11010
11000000
10110000
10100000
1100000
1000000
11000000
11010000
10010000
11010000
11000000
11100000
1100000
11010000
10000000
0
10101000
11110000
100000
1010110
1110000
1010000
1100000
10010000
11000000
1000000
11100000
10001111
110000
1110000
110000
10110000
10100
10000
100000
1001010
11010000
11010000
10100000
1000000
101000
11100000
1000000
1111111
0
11111000
0
0
1010000
1010000
10000000
11000011
1100000
1101111
10100000
11110000
101000
10100000
1110110
1100000
11000
1100000
10111100
1000000
10110000
0
100100
101100
1000000
11110000
110111
10000000
10100000
11010000
10000000
1100000
11000110
11111010
10000101
1110000
101000
10100100
10100000
11000000
11000000
1100000
10000000
1100
11010000
10000000
10000000
10101011
100000
1000000
0
10000001
100000
1010000
1100000
10011100
1111000
11000000
11100000
100000
10100000
10001000
11100000
11110000
11000000
1100000
101000
1100110
11000000
11110000
10100000
1100000
11000000
1100000
11000000
10000000
1110100
10010000
11000000
1000000
11100000
110000
10010000
11110000
10011
1010000
100000
10100000
1011100
0
11110000
1101100
111100
11110100
10100000
100000
10100000
100000
11000
1100000
10111011
10000000
10100000
0
1100000
10000000
0
10000000
1101000
1010000
1100010
11110000
100
100100
10000000
1100000
10000000
10000000
1100000
11100000
1100000
10000
0
11000000
10000000
10001111
11001100
10000000
1000000
11100000
10000000
10000000
0
10000000
10000
11100000
10100000
1100000
10101000
0
1110000
11010000
10100100
10100000
10100000
100000
10000
11101100
10100000
10000000
100000
10110000
1011000
1100000
100000
1000000
1000000
1100
100000
11000000
10000000
101000
1011110
10000000
10000
10000000
11010000
10000100
0
11010011
1101000
11000000
10000000
11101001
100100
110000
101100
1100100
11010000
11110000
10010000
0
1100000
10100111
0
11000000
1010000
10000
10111000
100011
100000
1010000
1100000
11101000
11100000
110000
110100
1100000
111010
1001000
11100000
1000000
0
1101100
10000000
1000000
10010100
1100000
10101100
0
11000
11010110
10000000
1101
10110000
11010000
100000
10100000
1110100
10100000
10010000
1110100
11000000
10000000
100
110
11100000
1100000
11110000
100000
1011111
10101000
110000
11010100
100000
1000000
1000000
1110000
11110
1010000
10010
110000
1100000
11100000
0
1100000
1110001
1100000
10000000
10000000
11011100
11100000
1100000
10000
11001000
11110000
0
1000010
10010010
11100
0
1000
100000
1000000
10100
1100000
1110100
10100000
11100
1000000
0
100000
10100
1010000
101
1000110
0
1111000
10100000
10010000
10110000
11100000
10110000
11100000
11100000
10000
10100110
1111101
1010000
1100000
10100000
10000000
11000110
10000
100000
10000100
11110000
100000
100000
100000
100000
10000000
1000001
10000000
10100100
100000
10110000
10110000
11110000
11010000
11100000
10100000
110000
0
110000
1011000
10000
100000
1010100
11011000
10100000
11001101
11110000
11100000
1100000
0
11100
1100000
11000000
1000000
101100
110000
1100000
10101000
1101000
10011000
1100000
10010000
110000
11110000
1000000
1100000
1100000
100000
100000
1000000
1000000
0
110100
1000000
1000000
10110000
1000010
0
100000
11110100
1001110
110000
0
100000
10100000
111001
11100000
1000000
11000000
11000000
1100000
11110000
10110000
10000000
10100000
1001100
11000011
10100000
100000
11110000
0
11010001
11000000
1000000
1000000
10100000
10010000
11011100
10000000
10000000
11101110
1000000
11010010
10000000
100001
100000
11100010
10111110
11100000
110000
11110000
100000
10101100
10011100
11010000
10110
110000
100000
1110
11010000
11110000
10100000
1100000
10001000
0
10110010
10000
10110000
1100000
0
11100000
1110000
11100000
100000
11011000
11100000
1001000
0
10110000
1110000
11001010
11010100
1100000
1110010
11000000
11010000
10010000
10010000
10010000
11100000
10010000
1100000
0
1000000
10100000
100
1001111
1110000
1100000
11000000
11001101
1000000
1000000
1110000
10010000
1100000
10100000
10111100
10000
11110000
11010100
10000000
10100000
1000000
11100000
11101000
101100
11000000
1000000
11000000
10011000
10111010
1101010
10000000
10000000
11100000
11110000
111110
0
11000000
10100000
11100
110000
10010000
11110
10000000
110000
111000
10000
11100000
110000
1010101
1100000
110000
1100000
100000
10001
1110000
1100000
1001100
100000
10100000
11110000
10010000
0
11111100
11010000
0
110000
10000000
11100000
1010
10010101
1000000
1101100
10100000
1010000
1000000
1010000
11101111
11100000
1110100
1100000
1100000
10010000
1010000
1000000
10000000
10010000
110000
10011100
11110100
11001100
101000
11001010
0
10100110
10010100
10000000
11011000
10000000
11100010
10100000
1110110
0
11010000
1001000
10101100
1110100
1010000
100000
1011000
10010
0
10011110
0
1100000
110000
110000
1011110
1000000
11000000
11000000
1110000
101000
110010
1000
100000
11100000
11011000
1011100
10000110
1110000
11100000
10100000
10000000
100000
100000
11000000
1110000
10110100
1000000
1110
10110000
10000000
10011000
10110010
1010000
100000
101000
10011110
11000000
11100110
0
1000000
10101110
11100
10000000
1101
10000000
10000000
11110111
11000000
100000
10000000
10010010
10000000
1100000
10100110
11000000
1100000
10000000
11001100
1011100
1000000
11100000
1100000
11000010
100010
1111010
10000000
100000
10000001
10100000
11010000
1000000
10010000
11001110
10000000
0
10101000
11000000
0
10000000
11100000
10100000
1100000
11101000
11100000
110000
101100
11100101
11010
10110000
10100000
0
1110110
100000
10010000
11000000
110000
10000110
11001100
10011000
10101000
11010000
1110100
1100000
100110
1101010
10000000
11000000
10101010
1000001
100000
11000000
111010
1100000
100000
11000
1010000
1100000
1101010
1000000
11010
10000000
11110
1000000
1100000
1100000
1000101
1010000
1000000
10000000
10001110
11000000
10111000
10000000
11110000
11000000
10100000
10010
1100000
1000000
110100
10110100
0
10010000
11000000
10000000
10100000
1110000
1011100
1101111
1110000
110000
0
10000000
1100
11110000
1110000
11100000
10111000
101110
10000
11100110
0
1000000
10000000
1100000
10100000
11100000
100
100
10100110
11111000
11110
11100000
1111000
10011000
10100000
10101000
1011000
11000000
11101011
0
10010
11101100
11100000
11111000
11001111
11110000
100000
100000
11000000
1100000
1100000
10101000
1110
11011000
10100000
10000
10100000
11101000
10000000
11110000
11110000
1101100
0
11001011
100000
10110000
10001001
0
10100000
10010100
1010100
10100000
11000000
10010100
11000000
10011000
0
11001000
1011100
11100000
11000000
1010110
1101011
11101101
11101000
1010110
11011100
11010000
10000
11010000
11000000
11101000
11001100
10101000
11100000
1100000
101000
110000
10000000
1010011
1010000
11110100
10000000
1110000
10010000
10000000
10100111
11001000
0
10000
11100000
10011000
11100000
10001010
10000000
1100000
10100000
11111110
10000000
11101000
1110000
11100000
10000
10111000
10100000
1001010
1000000
1000000
11010000
11100000
11000000
11000000
10011100
10011010
10111000
1101101
10100000
11000000
1010000
10100
10110010
100000
11101010
100000
101000
10110000
10010000
1100000
100000
11100000
100000
10110000
1100000
10111100
11010000
11111000
101000
10000111
0
100000
1001010
11010000
1100000
100000
0
1000000
1111010
1100
0
11000000
11001000
110010
1000
1010000
1100000
11110000
10101001
10010000
10011000
10000000
11110000
10010000
1000000
100000
10000000
11010000
11111000
10000000
10
11110
1100000
1100000
100000
101110
10011000
110000
110000
10111000
1000000
1000000
10010000
1001010
11110000
0
11000000
11110000
1000
100010
0
111100
10011101
1001010
1100000
11011000
11110
1000000
1100000
11000000
1100000
10110000
110
110000
10000000
10101
1010000
11100000
10110
1110000
1000000
1010000
10100000
100000
111100
1010000
10110000
10100000
10010000
0
10000000
1110000
11001010
1100000
1100000
1000000
1110
10100000
10000000
11110000
0
111000
100000
100000
1100000
1101100
10000
10100000
10011000
1100000
10100111
11000000
10000000
11010000
1110000
10000000
11000000
10011011
1110000
10100000
1110000
11000000
101100
10100000
1000
1100000
0
1101100
10101100
11000000
10000000
1011010
11010100
11110000
1110000
11010000
110100
10100000
10001111
10101100
1111010
10010
1100000
10011010
1010000
1100110
10110
11000000
100000
10100000
10000000
111010
10000111
10110000
10100100
10000000
11000000
11000000
10000000
110010
1001100
11100000
1100000
11100000
100000
11100111
10110000
100000
10000000
10000100
10000000
1010000
100000
11100000
1100000
11000000
1101110
1000000
10100000
10000000
10011100
11000000
11100000
10110111
11110000
1100000
1110100
10000000
0
10100000
1000000
11000000
11010000
11000
11100000
10111000
10101100
1100000
11100000
1100000
10110000
1100000
11001100
0
10100000
11110000
10000000
1100000
1100000
11000000
1000000
11010100
0
1111100
0
100000
0
10010000
1010000
10111100
1100000
10000000
1111110
11010000
11100000
10011000
10010000
100000
10110000
11010000
0
1010000
1000000
100000
1110000
1100000
1000000
1100000
100000
0
10101110
110000
11110000
1110000
10100000
0
1101000
1100000
10010000
0
11100000
10000000
11100000
0
11000000
10101000
1000000
0
10000000
11100000
11110100
0
110100
10100000
10000000
101110
10110000
10000100
11110000
1000000
100000
1100000
10100100
10010101
1000000
1110000
1011101
11000000
1100000
1110100
10100000
100000
10010000
101000
11110000
11010100
10000000
10100000
10000000
10000000
1000
1110
1100000
0
1100000
1100000
11001110
11010000
11100
1000000
10000
10000100
1010000
10010000
10010
11000000
101010
11100000
1011010
11000000
11100000
10000
0
0
11111010
1010000
11100000
1010000
110000
10010000
11000000
1000010
11101110
1010000
100001
10100000
1000000
0
10000000
11110000
1110000
11000000
100000
0
10100000
1000000
10000000
11000000
110000
101000
10100000
10100000
11000000
11101000
11011110
11110000
11011101
11100000
1100000
1010000
11000000
1110000
11100000
11000000
11010000
1000
0
1000000
11010000
10100
11100000
1100000
1111110
0
0
11100000
100000
0
11110000
1000010
11010000
11100001
10001000
1010101
10011000
11000000
11100000
110110
0
0
11000110
0
1000000
1101000
10001101
100000
101001
1100000
11001000
1000000
1100
1001000
11010000
1110000
1100000
1000000
10101011
11000000
11000000
11010000
10000000
1011110
11110000
10000000
1111000
10011000
1101000
10111110
0
1100000
1011110
10100000
1110000
10010000
11011011
0
110000
11100000
11000101
10110
1000000
0
110011
10100000
11000000
11000000
10001010
10100000
11110110
10000000
11100000
11000
11010110
100000
11001100
1100000
0
1100000
100000
0
10100000
100
100000
10000
0
1100000
11001110
1100110
11110000
11101000
10110000
10000000
11011000
11100000
10100000
11100000
1001000
11000000
10111110
101000
0
11000000
10000000
100111
1100000
10110000
11100000
11000000
11010000
11011001
1100000
1001011
11110000
10000000
1100000
10011000
11010000
1010000
11000000
10010000
0
1110000
11110000
11010000
10100000
10110000
10000000
11011000
1100000
1100000
11110000
10
1010000
1000001
10000000
1111100
1010000
1010000
1000110
1100000
11100000
11100000
11000000
101110
10010000
10000
11010000
11100000
1000000
1100000
10000
1000110
110000
1110000
1100000
1000000
0
1110000
11000000
11110100
0
0
1000000
111110
10110000
10101100
11000000
1000010
11100000
0
11010000
11000000
1100000
10110000
11000111
10100000
10000000
100000
10000
10010000
11000000
1000
1000000
0
11011000
1000000
11000000
100100
11010000
10100000
11111000
110000
0
11100000
110000
11000000
10100000
10110000
1010011
11010000
10010100
10001110
10100010
1000000
1010000
11000000
10010011
1000000
1011110
11001100
1100100
100000
1110100
11001111
10000
1001011
10000000
11101111
10000
1000000
10111110
11100000
1100000
1100000
10100000
0
10100000
1110
10110000
11010000
0
0
1011000
0
11100000
1111000
11100000
1000000
10110
101011
10111000
10010100
100101
10011100
1110000
11001000
11010000
10010000
10000
1010000
1000100
1011001
1010000
110000
1100000
100000
11000000
100000
11010000
11100000
11111
1101100
100000
10100000
1000000
0
1100000
1111000
1000000
11100000
110100
10111000
10101000
10000010
1100000
11000000
1100000
11000000
1011100
1000000
11111010
0
10000110
10100000
11101000
100000
11010000
10000000
1010000
11110000
10000000
1111000
1101010
10000
10100000
1001110
11000000
11110000
11000000
10011000
11010000
1000000
1000
11000000
10100000
10000000
10000000
10100000
10000000
11000000
10000
110000
1000000
0
1010000
10000000
11010
1100000
1111000
10100000
10111000
1100000
100
1100101
1100000
110
10000
1110000
100000
10011010
1000000
10100000
1110000
1000000
10001000
10000000
11110000
0
110000
11110000
1000000
1110010
1010100
11000000
1100
11111100
11100100
11000000
1100000
10000
10110000
11110000
11100000
11
1000000
1010000
1001000
11100000
0
11100000
11110100
11100000
11100000
100000
0
111000
10000000
10000000
10011010
10110000
10101010
10100000
0
1000000
100000
11100000
1010000
10110100
1100111
11100000
10100000
1011000
11100000
11000000
1101000
11000000
11000000
1100000
1110000
11110000
1110000
1010
10001100
100000
11000100
10100000
1011000
100010
1100000
10000
10110000
1100000
1000100
11010000
0
10111000
1011110
10000000
10000100
10010110
11100000
100100
10110000
1000100
10011110
10
11011101
1000000
10000000
1000000
10100000
1000000
10000000
10000
10000010
10010010
1100000
11110000
11001100
10111100
11100000
100000
11000000
1001000
1001100
10000000
1110110
110100
11000000
1100110
0
11000000
1011000
101110
10111000
10000000
100000
11110000
11110111
11100000
1001000
11000000
11100001
100000
0
10001110
10000100
10101000
10001110
1100000
1000000
0
0
11100000
0
10000000
11000000
10000
10110000
10000000
111101
10010000
11100000
11010
10110000
10000000
1111100
1010000
10000000
0
10110000
11100000
111100
1111000
1111000
100000
10010000
1100000
11100000
10100110
1011110
10100000
0
11010000
11100000
10000000
11101000
1000000
10000000
110000
0
1101000
1100000
10000010
1101100
11000000
100001
11001111
10000000
0
1000000
1110000
11100000
1010
10000000
10100000
10000000
11111000
101100
110
1100000
11010
1000000
10011111
1011100
1100
10000000
1111100
1011010
1000000
10110010
0
11100000
11000000
10110000
1010000
1010110
1100000
10100001
1000100
11000000
11010000
11100000
11100000
1000000
1100
10010000
11100000
111100
10000000
1000000
10000000
11001000
10110100
1100000
1010
10110000
1010100
10101000
1111100
11001100
100000
10110000
10010000
11100000
11110000
10000000
11000000
11000000
11010000
11100000
10000
100
1111010
0
100000
11000000
100000
11000000
1101111
10100000
0
11000000
10000100
1100100
10100000
1001101
11110000
11011110
10
10110000
1000000
1000000
10000
1100000
1111010
1011000
10100000
11011000
11001000
11100000
1011011
1100000
11001100
10100000
1011010
10000000
11001000
10000100
10000000
10000000
10111000
1000000
10100000
100010
11100000
10010101
11001100
111001
11011100
1111000
10100000
10100000
10100000
11001000
1110100
100000
10000000
10111000
10110000
1000000
11101000
111000
1000000
0
1110111
11000000
11100000
10101100
11000000
1100000
10111000
101000
10100000
1010000
100000
0
110000
110000
110000
1001010
100000
1100000
10100
11000
1100000
10000000
10100000
1100000
110000
1000000
1000000
1011000
10100000
11100000
11100000
1000000
10100000
100000
101010
0
10010000
11000000
1011
10000
111010
11000000
10101110
11100101
11100000
1100000
10010101
110000
0
100000
1010110
10000001
100000
1100000
11100000
11000
11111000
10100000
1100000
11010101
11100000
11000000
1100000
10110100
110000
1001100
10000000
110000
11100000
1000000
10100000
100000
11110000
1001101
10100000
1111011
0
11000000
100001
10110000
1100000
10000000
11000000
111010
1100000
11000000
1101111
1010000
1010000
11011100
100000
11100000
1100000
10100
11100100
10001000
10100000
110000
1010011
100000
0
1000000
10100000
100000
11000000
10100010
0
0
0
100000
10000000
10110000
10000000
100100
11101111
100000
11011111
1010010
11000000
10000000
11111110
1100000
11010000
0
100000
1100010
10100000
11
11110000
1101100
10000000
101000
1101100
10110000
10110000
1100000
11110000
11110000
110000
10000010
1000
1100000
10001100
10011000
10000000
1110000
1010000
10100000
0
10000000
1000000
10000000
100000
11100100
100000
1101100
11110000
11100000
11100010
11000100
10100000
10010100
11000000
10000
10000000
1010000
11010000
11011000
11000000
11101000
11000100
11101000
10010000
11100000
1110000
11000
11011000
10000000
1000000
10111000
1010000
10000000
11110100
11110000
0
1001000
101100
11100000
10010011
10010100
1011101
100000
11100000
11000000
1100000
1000000
10100000
1110000
10110000
0
10100000
10100000
11001010
1001011
11100000
10100000
1000000
11110000
100000
10100110
100110
11110100
1100000
11100000
100000
11100000
1101000
11000000
1110000
1010010
100110
1000000
10010000
11001010
10100000
100000
0
1000100
11100000
1000000
1100000
100001
0
1000100
1010000
1000000
1100100
1101100
11000000
110000
1010000
10000
10110000
1000000
10010000
10110000
1000000
1010000
0
10100000
10010000
1100110
10100000
11000101
10110000
1110000
1000000
1110000
1100000
11000000
1010000
0
11000000
11000000
1000
110
11010000
10000
100000
1010000
1010000
11111000
10000000
1100000
10100000
1100
1000000
1000000
1011111
10100000
10110010
1000110
1101110
10100
110000
110
11000000
11111010
1100000
11100010
11000000
10000
0
1111010
10010000
10100000
11010000
1000000
1110111
10001100
10100000
1100000
1000000
1110000
11011100
10100000
11100000
10000000
1000000
11100010
11010000
1100000
1000000
11100100
10000000
110000
100000
10100000
1100000
1110000
100000
1101000
1101010
10100000
10010000
11110000
0
11100000
11000001
110100
100000
11110000
101100
10001000
11101100
11110000
1000000
1000000
1100000
100000
100100
1110000
10100000
10100010
11101100
11110
0
10000000
100000
1100000
10001010
10010
1000000
11100000
11100000
110000
11101100
11110000
11100000
10011101
10101000
100000
11100000
10111000
1011010
1110000
10000000
10111000
0
1000000
11010000
10000000
11110000
1110
1111100
1111000
10000000
1000100
1110010
10011110
1000000
1001000
11000000
100000
100000
1001000
11000000
1101100
1000000
10000000
101010
10100000
1111110
10100000
0
10100000
1011100
10000000
10100
10110011
111000
11010010
1101010
10110000
10110000
10100100
10100000
1100000
1001001
11010000
10000000
1100000
11110000
100000
11100000
10110000
11100000
11100110
0
1000000
10000000
10100000
1011000
1010000
11000000
110
100000
11110000
10100000
10100000
10000000
10001100
11000000
100000
101010
1000000
10111000
1000000
1110
11000000
10111100
1000000
11011000
110000
1100000
1010110
10000000
1000
1100000
11010000
1011000
110000
1101000
1010000
1000000
11100000
1011000
11011000
1100000
11010000
11010000
1100000
1100000
1100101
11000000
1101000
10000000
1101000
1000001
10000000
1000000
11110000
10110000
11000000
11010000
1000000
100000
11011100
1000
100
11010000
1000000
10000000
1000000
1100000
11100100
10100100
0
1110000
1000000
1001011
11100000
1010000
1010000
11000000
100000
10000000
1110110
11100000
0
11010000
1110000
11101110
11010000
10000000
1010000
11000000
0
10011011
11000000
100000
11100000
11100000
10110100
10000000
10110000
10101100
100000
110000
10100000
110000
1000000
101000
0
1001100
110000
11110011
1101000
1110100
100000
11100
100000
10100000
11001000
1010000
1110100
1110000
100000
11000000
0
1000000
10100000
10000
0
1010000
10100110
10011000
1011100
1101010
1010
1010000
11000000
10010000
1100000
100
10100000
11000000
110100
100000
1000000
100000
1010010
11010000
1111010
101000
1010000
10110010
11100000
1100000
100000
1000000
11000000
1000
0
111110
1010000
10110000
100000
11100000
0
110000
100
1001000
10
10100000
110100
1100000
10010000
10000000
10000000
10011001
10101110
1000000
100000
10011010
1101100
100000
100000
11100000
0
11001000
10000100
1010000
10100100
11110000
110000
1100000
11010110
1000000
1000110
0
10000000
11010000
1100010
10011100
11000000
1100000
10000000
10010000
11110000
10110011
1100110
1111000
10001
1100000
10000000
1110000
10110000
1111100
100000
1110000
10001100
11110100
1100000
1110000
10100000
1101000
0
100000
11111100
110000
11011000
11110000
1100000
110000
10010000
10000
10100110
10111010
10000000
10000000
1000000
10000000
101110
10101000
0
10110000
1100000
1010000
0
11110000
10001110
100010
1100110
1100000
1110010
10000000
100000
11001000
11000000
10000110
0
1010000
1100
10101110
11110000
1100000
10100000
100000
10000000
0
10000000
11010000
10110000
110100
101100
100000
1010000
10100100
11000000
1100
11000000
11000000
10000000
10000000
1100101
1100000
10011010
110000
11111100
11100000
11100000
11010000
1000000
1010000
10101010
11010100
11000000
10100011
100000
11100000
1100000
11011000
10010100
1110000
1000000
1010000
11010000
10110000
0
11011100
110000
10000000
0
10101100
100
11000001
10110100
1010000
1100000
10111111
11100000
1100000
11000100
100000
11010000
0
10110111
10
11011101
1100
1010000
10100000
10010000
10000000
11111011
11000000
11000000
10110010
10000
1111100
1000000
1100000
10100100
10011100
100000
11000000
1000000
110000
1100000
0
10010000
1010000
10110111
1010000
1010000
1110000
11000000
1000000
11100010
1100000
11100000
10100000
100000
11000000
1100000
0
1100000
11011010
10011000
1000010
10100000
10000
1010000
10000
10000000
1010
100000
10000110
11100010
1100000
1011000
11110010
0
11101000
10101000
100000
11100000
1111000
0
1110000
1011
11000010
11011110
101000
1001100
11000000
1111000
100000
10100000
10000
100000
11100000
11011110
10000000
11000000
10100000
11001000
1100000
11100000
110000
10000000
10100000
10011110
10000
11111000
1001100
10000000
10011100
1100000
111110
11100000
1110110
10010000
1111110
11100000
10011011
10100000
10111111
100000
10000000
1010100
10000000
110011
11100000
1100000
10000
11100000
10010000
1101000
111011
1011100
10111100
1011100
11110000
11000010
100100
10000000
1010100
11010000
110100
1111010
1100000
1010000
10100000
1000000
1111000
1000000
110010
10001111
1000000
11101010
10000
10000000
0
10010000
10100000
10000
110000
1000110
10000000
10100000
101000
10110000
1000000
1000000
10101010
1011010
10010000
10110100
10010000
1100000
100000
11100
1010000
11000000
10
11000000
100100
11010100
11100000
11100000
1010000
11000000
10000000
1110100
110000
1000
100000
10100000
111000
10010000
10110001
10000000
11100000
1100000
1010100
11100101
100000
1100000
10001110
10001000
1011011
1111010
1100000
10010010
10010000
1001110
11101
1100000
10000000
0
1000000
10111110
10111110
0
10110000
1011
10100000
11010010
10000000
11010000
10101110
10111111
100000
10011100
1110000
10110000
0
1010100
11100100
11101001
11100000
10000000
10000000
1010000
110000
10100000
11010000
10101000
1000000
1101000
100000
100010
10100000
10111
10000000
111110
11000110
11000000
11010000
0
11000000
1110100
0
10000000
10001010
1110000
1000
110
10110000
1010000
10011010
110000
110000
10000
1010011
11000110
1110000
101111
11101000
0
11000000
11000000
100000
10000
101000
1100100
1000000
1000000
10110011
1101010
11100
1100000
0
110000
11010000
1010000
10100000
11111110
10100000
0
11010000
1110000
10100000
10110000
110000
1100001
11000000
1100100
11011000
11100000
100000
10000
110000
11000
110000
11000000
11101000
110000
10000000
11110000
0
10100000
1100000
100011
10010000
1000000
11110100
1000000
1000000
0
1000000
11100100
11100000
10100000
11100000
1111100
1100000
11010000
10010010
1010000
1100010
10000110
10000
10111100
11011000
1110000
10000000
100000
100000
11100000
1001000
10110100
1000000
110000
1100
1100000
11100000
1000000
100000
11000000
11101000
11000000
10001110
11100000
1110000
1000011
10000000
1110000
1100000
11100111
1000000
10011100
11101010
1010000
10110000
100000
1001100
1000000
10110100
11011000
100000
10010000
11110000
1011110
1011010
10111000
10110100
0
11000000
110001
10011100
10000000
1100100
111100
11110000
1110000
10101101
1100000
11110000
10110000
100000
11001100
0
11000000
10011000
1000000
1010000
1010000
10100000
10010000
0
10000100
100000
1100000
10110000
11100000
110000
10110100
11100000
10010000
10100000
1110000
101000
1110000
100000
11000000
1000000
10000000
11010000
11010000
10010000
10000000
1110010
1000
11110110
1100000
10110001
0
111110
11010
1000000
11111100
10010000
10000
1100100
100000
11001110
11000101
11100100
0
0
10000000
1011000
10001000
10100000
0
110
110000
11100000
11100000
10000000
0
10
11100000
11110000
10000
11100000
10100000
11000000
10100000
10010000
100000
10000
10010
1100000
1000000
11001000
10000000
11000000
1111110
10001000
1100000
1000000
1100000
11000000
0
10110000
11000000
10100000
1110000
1001001
11110000
1111010
11000000
11000000
110000
1111000
11000000
11010000
11110000
10000000
11001000
1011110
11000000
0
0
11101110
11100000
1110000
11110100
10110
1001000
10000000
0
10000100
10000000
11000000
10110000
10000
1100000
10100100
1100000
1100000
1100000
100000
10000
1110000
1100000
10110000
1011000
1100000
10101010
11100000
1100000
10110000
10000000
11110000
10101001
1100000
11010100
100000
1110000
100000
10000000
11100000
11000000
11000110
111110
1100000
100
10100000
100000
10110110
1000
1100111
100000
1110110
1000000
1111000
10000100
1111110
10101000
1100000
10000100
11010000
1100000
11000000
11000000
11111100
11010000
10000000
0
11111110
0
1110
0
10100000
1101111
1101100
1000000
10110000
11000000
10001000
0
1001000
0
1100000
1100000
10000
10010000
10100000
10000100
10010000
11100
10000000
100
11000000
10100000
10100000
11010000
1100000
10100100
100000
1100000
110000
11000000
10000
11010000
1010000
100000
1100000
11100000
10100000
10000000
1100000
111000
1010000
1111000
10010100
10000000
11000000
100000
10101
0
11100000
101110
1000000
10000000
10100000
10000000
111000
11000100
10100000
100
100000
0
11000000
11000100
10000
11110000
11111000
10110000
10100000
10110000
110000
10000
11000000
11011101
0
11100000
100111
11000000
11000000
10100000
1010100
11100101
1100000
10110000
1100000
10100000
10110000
1000000
1000000
10110110
11110000
11110000
11100000
0
0
1110000
11110000
11110000
110000
10100000
0
1100000
10010000
100000
10100000
11101010
11010000
10010000
10110000
100000
1011111
1110000
1000000
111
10001000
11000000
10100000
11110000
11000000
10100000
10000000
11100000
1110000
100000
1001100
0
11000000
11100000
11100000
11010110
10111000
10110000
11000000
10001110
10000000
1110110
1100
11100000
111000
10000
1100000
10111110
1100
0
1100000
1000000
11100000
10100000
101000
110000
10010000
11011110
11010000
1000000
10110111
10000100
11100110
1111000
11100000
10000111
11100010
1100100
11100000
11100000
10010000
11100000
1111000
110000
100000
1000000
11100000
1110000
11100000
11101000
1000000
1000000
1000000
10110000
11000000
11011110
11000000
100010
10100000
1110101
0
0
101110
10000
110000
1000000
10110000
100000
11100000
100000
11100000
100
100
10000100
1100000
10010000
10110000
10110000
11100000
1111000
100000
10011000
11110000
10110000
11000
1000
1101000
0
10010010
100000
1010000
0
110000
11100000
11000000
1000000
1000000
11011000
10000
1100000
0
11111000
100000
1110100
10010000
10000000
10010000
10100000
11000110
10110000
1000000
10110000
11110000
10110000
11110000
0
10101100
0
1100000
1100000
11101100
10001110
100000
1110000
10000
11100000
1010110
11010000
10000000
11100100
10100000
10010000
111110
101110
0
10100000
10110000
1100000
10100000
11100000
10100000
1011100
10100
1010000
110000
11000000
1101100
1100000
1000000
1110000
10000000
11101100
11010000
10100000
11
10011110
11110000
0
100000
1110110
10010100
11000000
10100000
11000000
11110000
1000000
100000
11000000
10000000
10001110
10100000
1110000
11100000
11110000
1110000
1000
10000000
1000000
0
10010000
1110000
10000000
1001010
10100000
10110000
10010011
0
10001111
10100010
10100000
100000
100000
10001100
11000010
11100000
100000
11000000
11001001
11110111
10000000
10100000
1100000
0
10100110
11000
10000000
1010000
0
100000
1010
11100000
10010000
11100000
11100000
10100010
11110000
11100000
1101010
11010100
11000000
1011110
1100100
11011000
10110000
100000
1100000
11001100
0
10001
1001000
1000000
1110
10000000
10000
11000000
1000000
11000100
1000000
10010000
11010
0
1100000
11110000
11100000
10000000
11100000
11111000
1110001
11100000
1100000
10001111
10100000
1001100
10100000
1110000
11010000
10000000
10100000
10000000
100000
11000000
1100000
110000
0
101000
1001000
10001010
110000
0
11000000
100000
10000000
11110000
1110011
1100000
1000000
100000
11101010
0
1011000
10110000
100000
1111100
11110000
10100010
10100000
10100010
11100100
11000000
11000100
11000000
0
0
10000000
11000001
1100000
10100100
10000000
1001100
11000000
1000
10010000
1110100
111100
11100000
11100000
10000000
11100000
100100
100000
11010011
10101000
11110000
0
1000
0
1001011
10000000
1110000
100000
0
1010100
10000
1100000
1001000
10000000
10000
11010100
1000000
100000
11100100
1000000
0
1100000
1000000
11011110
10000
1010100
10000
10100000
11101100
11000000
1101100
11110000
1110000
10000
11111010
10000000
110000
11110110
101110
110010
11000000
10101000
100000
111010
10000000
1111110
11100000
11100010
11100000
1111000
11100000
10000000
10010101
10011000
1100000
0
10100000
11100000
10100000
10010000
10011010
1000000
11000000
11100000
11010000
1101000
1100000
1100000
1000000
10011110
11100000
11111000
1100
1000000
0
11010000
11000000
1110000
1100000
1100000
11000000
110000
10101000
1011011
11000000
1000000
1111000
1011100
1000
11000000
10100000
11111000
1100000
1100000
110000
1110000
1011110
1000000
1000000
10000
1000000
11000000
110000
11010000
1010000
1100100
1100100
100101
10001000
1100000
1110000
10001111
111000
10000000
1100000
100000
1100000
11100000
11010000
11111000
10001000
10110000
10000
10101001
10000000
11000000
1010000
11100000
10100000
10100000
1110000
11000000
10010000
11100000
1011000
10111110
11000000
11000000
1000000
10110100
11110000
1110000
11100000
100000
1110010
10110000
10000000
100000
10100101
10100000
10100010
100000
11110110
1100000
100000
11000000
1101
0
0
11100000
1101110
10010100
0
10101100
101011
1001000
11011010
0
100000
10001000
1000000
1100100
10100000
11110110
11000000
10000
10000000
11100000
11110000
100000
10011000
110000
10110000
11011110
11100000
110000
0
1000000
11011000
11011000
11010000
0
110000
0
1000
10101000
10010000
10001100
11010110
1100000
100000
100000
101111
11100000
10100000
10000
1000
110001
11000000
1000100
100
10010100
11010000
100000
11010000
11100000
11100000
0
11000000
1100000
111000
1111100
1010000
100000
10000100
10000000
10100000
11011000
10110110
110101
100000
0
0
1000100
100000
10000000
1110011
0
10010000
11101100
1000100
10111110
11100000
10000000
11100000
1111111
11001101
11011010
10100000
10100000
11100000
1101000
10000000
1101000
11010000
1100000
0
11000000
11101100
1001000
1000000
100000
1000000
11111000
11011101
1100000
10000000
100000
11001100
11110000
1100000
1100000
100000
11100000
10000000
11011100
0
11110000
0
10000
11110000
11100100
10100101
10010000
11000000
1100000
11100000
11100000
1100000
101110
11000000
1100000
1010000
1000000
1110000
0
1010000
10010000
11110010
1000000
0
11110000
10111010
10000000
110110
11100000
1100000
10100000
1100000
11000000
10000100
10000000
10100000
1100000
11101000
11100000
1000000
10000000
10010010
100000
11010000
1000000
10000
10011100
110000
11000000
10111000
1100000
11001110
1110010
11010
11100000
111111
0
1000111
1110000
100000
11110000
1001100
11000
11100000
1001101
11111000
11000000
11001110
0
110000
100000
110100
100000
11000000
11000000
11010000
11111000
10000000
10111010
1111000
11011000
10101100
11000000
1000000
1000000
1011100
1101000
1100000
101101
11100000
110100
111000
1011100
10010000
11110100
1100
101110
11000000
1000000
111010
11100
11100000
11100000
10010111
10000100
11000000
1100000
1110000
10010000
11000000
11001111
1110100
1011100
110000
1100000
1100000
11110000
10100000
10011000
1111000
1100000
10110100
10100000
10011000
10100000
11100000
0
10010100
1100000
111110
1000000
100101
110000
100000
0
1110000
1100000
101000
0
10000100
10100100
11100000
11010000
10101010
1010000
10000000
100000
1100000
11001010
1110000
1010000
10100000
11010000
11110101
10111110
10100000
1000000
0
10001100
1000000
1010000
1100000
101100
11010000
1000000
1000000
0
1001010
100001
11100
10100000
1010100
100000
10000000
11100000
1010000
10011000
10010000
10100000
10100000
10111111
11100000
110000
11111010
1110010
100000
1000000
1000000
1000100
10001110
10
1000000
10010000
1100111
10010
11011100
10110100
11000000
11010000
10001010
11100000
100000
0
10100000
10100000
11100000
1100000
11000000
11100000
10010000
1010000
10000000
10100000
11000000
10100000
10100000
11011100
1110000
100000
11001000
0
11000000
11110001
1000110
10000000
11110001
1100000
100000
10010000
10101110
11100000
1011000
0
1011000
10000000
10001010
10100000
100000
1010010
100110
1110000
100000
1000000
1100000
1111010
11110000
1111011
11000
10100000
10000000
11110100
10100000
10101000
1100000
11000000
11000100
11100000
1000000
0
1000000
10000000
100000
1000111
11010101
10001100
11010010
11001000
11000000
10010000
10100000
11000000
1100000
11001000
11101000
11000110
0
11010000
10100000
10110000
10000
10100000
1010
100000
110000
1010
0
11000111
0
1111100
1001100
1101110
10110000
1000100
10101
11000000
11101000
1011110
1100000
1010101
11001110
11000000
10100000
100000
1100000
10001011
11101011
11111000
0
0
11100000
10010000
0
10000
10111100
10100000
11100100
1100110
1001100
111000
110000
11100000
11000
1000101
11010100
10100000
11110000
11000110
1000000
1111100
11000000
10001010
10100000
10000000
100000
10110100
100000
11011001
10000
1010
11100000
0
10100000
11000000
11111000
10100
11000000
101000
11110010
10100000
10010000
11000000
10000000
10000000
11000100
1110000
1100
11011100
1000000
1111000
10010000
111100
110000
10100000
11000000
10110000
11000100
10110000
1001100
100000
1001110
10100000
11110000
11100010
1111100
11000000
10000
10010010
1100000
11000000
10101000
11100000
0
10100000
1010000
10110001
0
11110000
11100000
11111100
111110
10110000
100000
11100000
101
1110000
10100000
10000000
10000
10000000
1000010
1000000
11110110
110000
1101010
10000
1000000
100000
101000
1100000
1111100
10110000
100110
100111
10101111
10000000
11010000
1000000
11000000
11100110
10110000
1000110
11110110
10100
11111100
100000
10100000
11100000
1000000
11100000
1001110
0
10000000
11100000
0
10000000
0
1110000
11100000
100000
0
10000
100000
1101000
10011000
10100000
110000
11001100
10100
1110110
11001100
11000
10100000
11110000
11000000
10000000
100000
11000000
10100000
11110000
10100000
100000
11000000
1101110
1011100
10000000
11100000
11000000
10000000
100000
10111100
11001100
11011000
0
0
10010000
10110000
10000
11100000
1000000
10000000
10000000
11000000
10000000
10100000
10000
11110110
110000
1000
1000000
100000
1100000
10110000
1001000
10110110
10100100
10000000
10100
11101100
1000000
1000000
10100000
110
11000000
10110000
11100000
10010100
11101
0
11000000
1100000
11110100
11000101
10000000
11100000
11100000
1100100
11000000
11000101
11001010
1000000
1000
11000000
11100000
1110000
11100000
10010001
11000000
1010000
1110000
10010100
1100000
1100
0
11001000
11000000
11101
10110100
11110000
11100000
10100110
11100000
10110111
110000
10010011
1000000
0
10100000
110000
100000
1010100
110000
10100000
1110110
11110000
0
110000
0
1000000
11111000
1110100
0
1000000
11001100
11000000
11010000
1001001
0
1000000
10000000
1001110
10010000
100010
10010000
1100100
100010
11000000
11000000
0
100000
100000
11100000
100100
11010000
1000000
1001010
11100000
111100
1100000
11111011
11010110
10010100
11000000
1111010
1111000
1111001
111000
1100000
0
11101000
1010000
11000
1000000
11000000
11000000
1110000
1101001
10000000
1100000
10110000
1110100
10000
11010000
1010000
100000
1110000
1000000
11110000
100000
10010000
11100000
11000000
100000
1010000
100000
11100000
1110000
1010110
1101
1000111
0
10000
0
1000000
10100000
1010101
10010100
10000
11001000
1001010
10100000
100000
100000
11111000
1101000
10000000
1010000
11011
1101001
11100000
1000110
10010110
1001110
100000
10110110
11101000
11100000
1100000
11000000
11110
1100000
11010000
0
1001100
1010000
1010100
100000
11000000
10010000
10010000
11000000
1110000
1100000
100000
10110000
11100000
11100000
10111000
110010
10010100
11101110
0
11101011
11010000
10100000
1000000
10100000
10000
11100000
100000
11000000
10000000
11010000
100000
10000000
11100000
100000
10010000
11000000
10110000
11000000
10000000
10000000
10001010
11000000
11000
100000
11000000
10000
10000000
0
10111000
10010000
11100
1100110
1100000
1011000
1000000
10100000
111
10001000
1100000
1110100
10000000
10100000
100000
10000100
1010100
100000
11111010
11000000
110100
1100000
11000000
10100000
11000000
1100000
10101010
1100
1010000
10000110
1000110
1011010
1000000
101110
0
1010000
10000000
1110000
11001010
10110000
